=== TOP 20 SPENDING KEYWORDS ===
           키워드   노출수  클릭수  클릭률(%)  평균클릭비용(VAT포함,원)  총비용(VAT포함,원)
0        전체 결과  3515   46    1.31              202          9273
2   키워드 63개 결과  3418   44    1.29              208          9130
29        중고장터  1216   23    1.90              189          4356
8        중고폰시세   155    5    3.23              350          1749
13         쉐라폰    53    9   16.99              136          1221
7          중고폰   213    3    1.41              337          1012
4        중고폰매입    42    1    2.39              220           220
46       중고폰구매    37    1    2.71              198           198
22         리퍼폰    41    1    2.44              187           187
19       아이폰렌탈    17    1    5.89              187           187
1      확장검색 결과    97    2    2.07               72           143
9       핸드폰중고폰     5    0    0.00                0             0
11       중고폰가격    19    0    0.00                0             0
10          매입    68    0    0.00                0             0
14       중고폴더폰     3    0    0.00                0             0
5         내폰팔기    29    0    0.00                0             0
6        아이폰중고    21    0    0.00                0             0
12  아이폰13PRO중고     2    0    0.00                0             0
17      아이패드중고    26    0    0.00                0             0
16      갤럭시S25    56    0    0.00                0             0

=== TOP 20 CLICKED KEYWORDS ===
           키워드   노출수  클릭수  클릭률(%)  평균클릭비용(VAT포함,원)  총비용(VAT포함,원)
0        전체 결과  3515   46    1.31              202          9273
2   키워드 63개 결과  3418   44    1.29              208          9130
29        중고장터  1216   23    1.90              189          4356
13         쉐라폰    53    9   16.99              136          1221
8        중고폰시세   155    5    3.23              350          1749
7          중고폰   213    3    1.41              337          1012
1      확장검색 결과    97    2    2.07               72           143
4        중고폰매입    42    1    2.39              220           220
19       아이폰렌탈    17    1    5.89              187           187
22         리퍼폰    41    1    2.44              187           187
46       중고폰구매    37    1    2.71              198           198
9       핸드폰중고폰     5    0    0.00                0             0
11       중고폰가격    19    0    0.00                0             0
10          매입    68    0    0.00                0             0
14       중고폴더폰     3    0    0.00                0             0
5         내폰팔기    29    0    0.00                0             0
6        아이폰중고    21    0    0.00                0             0
12  아이폰13PRO중고     2    0    0.00                0             0
17      아이패드중고    26    0    0.00                0             0
16      갤럭시S25    56    0    0.00                0             0

=== HIGHEST CTR (min 10 impressions) ===
           키워드   노출수  클릭수  클릭률(%)  총비용(VAT포함,원)
13         쉐라폰    53    9   16.99          1221
19       아이폰렌탈    17    1    5.89           187
8        중고폰시세   155    5    3.23          1749
46       중고폰구매    37    1    2.71           198
22         리퍼폰    41    1    2.44           187
4        중고폰매입    42    1    2.39           220
1      확장검색 결과    97    2    2.07           143
29        중고장터  1216   23    1.90          4356
7          중고폰   213    3    1.41          1012
0        전체 결과  3515   46    1.31          9273
2   키워드 63개 결과  3418   44    1.29          9130
11       중고폰가격    19    0    0.00             0
10          매입    68    0    0.00             0
5         내폰팔기    29    0    0.00             0
16      갤럭시S25    56    0    0.00             0
17      아이패드중고    26    0    0.00             0
21       공기계대여    18    0    0.00             0
6        아이폰중고    21    0    0.00             0
3          아이폰   419    0    0.00             0
27       아이폰13    30    0    0.00             0

=== ZERO CLICKS, HIGH SPEND/IMPRESSION ===
         키워드  노출수  클릭수  클릭률(%)  총비용(VAT포함,원)
33       갤럭시  515    0     0.0             0
3        아이폰  419    0     0.0             0
10        매입   68    0     0.0             0
32       S25   59    0     0.0             0
16    갤럭시S25   56    0     0.0             0
34       공기계   34    0     0.0             0
27     아이폰13   30    0     0.0             0
28     아이폰15   30    0     0.0             0
5       내폰팔기   29    0     0.0             0
30     중고태블릿   28    0     0.0             0
17    아이패드중고   26    0     0.0             0
50     중고폰판매   26    0     0.0             0
38   아이폰15프로   25    0     0.0             0
25     서면중고폰   24    0     0.0             0
6      아이폰중고   21    0     0.0             0
40    아이폰16E   21    0     0.0             0
11     중고폰가격   19    0     0.0             0
41  아이폰16PRO   19    0     0.0             0
21     공기계대여   18    0     0.0             0
31    중고폰ATM   18    0     0.0             0